2 0.6923076923076923 0.36658653846153844 0.18389423076923078 0.17908653846153846
2 0.21875 0.37740384615384615 0.25600961538461536 0.28125
2 0.3918269230769231 0.46274038461538464 0.08413461538461539 0.18269230769230768
2 0.8377403846153846 0.5564903846153846 0.12379807692307693 0.21033653846153846
2 0.2620192307692308 0.5612980769230769 0.1502403846153846 0.17548076923076922
2 0.12860576923076922 0.6538461538461539 0.1346153846153846 0.3425480769230769
2 0.6790865384615384 0.6622596153846154 0.19110576923076922 0.41225961538461536
2 0.29086538461538464 0.7307692307692307 0.234375 0.26322115384615385
2 0.8341346153846154 0.7764423076923077 0.2860576923076923 0.3173076923076923
2 0.49278846153846156 0.7788461538461539 0.22716346153846154 0.1778846153846154
2 0.22716346153846154 0.19591346153846154 0.17548076923076922 0.15144230769230768
2 0.7307692307692307 0.24519230769230768 0.2548076923076923 0.10216346153846154