2 0.32572115384615385 0.3317307692307692 0.18990384615384615 0.23197115384615385
2 0.7019230769230769 0.34134615384615385 0.1935096153846154 0.1935096153846154
2 0.8185096153846154 0.35216346153846156 0.16826923076923078 0.12740384615384615
2 0.49399038461538464 0.375 0.1622596153846154 0.23076923076923078
2 0.8641826923076923 0.4170673076923077 0.21033653846153846 0.12740384615384615
2 0.8197115384615384 0.5216346153846154 0.20192307692307693 0.15144230769230768
2 0.6550480769230769 0.5396634615384616 0.17427884615384615 0.2692307692307692
2 0.30649038461538464 0.5456730769230769 0.21394230769230768 0.2776442307692308
2 0.140625 0.609375 0.27283653846153844 0.2860576923076923
2 0.8341346153846154 0.6334134615384616 0.22596153846153846 0.18629807692307693
2 0.4651442307692308 0.6658653846153846 0.3004807692307692 0.3329326923076923