2 0.5012019230769231 0.43990384615384615 0.10096153846153846 0.11899038461538461
2 0.5084134615384616 0.578125 0.15985576923076922 0.14302884615384615
2 0.6646634615384616 0.5973557692307693 0.140625 0.10216346153846154
2 0.36177884615384615 0.6105769230769231 0.13581730769230768 0.08052884615384616
2 0.21033653846153846 0.7379807692307693 0.1502403846153846 0.20673076923076922
2 0.8173076923076923 0.7439903846153846 0.1502403846153846 0.1875
2 0.5132211538461539 0.7463942307692307 0.15144230769230768 0.15745192307692307
2 0.671875 0.7463942307692307 0.16105769230769232 0.15745192307692307
2 0.359375 0.7475961538461539 0.15625 0.16706730769230768
2 0.0733173076923077 0.7512019230769231 0.10817307692307693 0.16706730769230768
2 0.9170673076923077 0.7896634615384616 0.10697115384615384 0.14423076923076922