2 0.29086538461538464 0.20552884615384615 0.13221153846153846 0.22596153846153846
2 0.8088942307692307 0.23918269230769232 0.21033653846153846 0.19951923076923078
2 0.24158653846153846 0.3389423076923077 0.15384615384615385 0.25961538461538464
2 0.5649038461538461 0.3389423076923077 0.08533653846153846 0.1971153846153846
2 0.9098557692307693 0.3485576923076923 0.17908653846153846 0.26802884615384615
2 0.5024038461538461 0.38100961538461536 0.06490384615384616 0.38221153846153844
2 0.26322115384615385 0.4483173076923077 0.17307692307692307 0.21033653846153846
2 0.9795673076923077 0.4723557692307692 0.036057692307692304 0.15625
2 0.17668269230769232 0.5709134615384616 0.08173076923076923 0.27884615384615385
2 0.9194711538461539 0.5817307692307693 0.15625 0.2548076923076923
2 0.9735576923076923 0.6201923076923077 0.05048076923076923 0.16947115384615385
2 0.27163461538461536 0.625 0.1466346153846154 0.19591346153846154