2 0.4723557692307692 0.2860576923076923 0.16826923076923078 0.2776442307692308
2 0.21754807692307693 0.2980769230769231 0.34134615384615385 0.32572115384615385
2 0.6550480769230769 0.4026442307692308 0.21754807692307693 0.17427884615384615
2 0.21514423076923078 0.4795673076923077 0.2776442307692308 0.2512019230769231
2 0.44350961538461536 0.4795673076923077 0.17307692307692307 0.14543269230769232
2 0.07932692307692307 0.5745192307692307 0.15745192307692307 0.19831730769230768
2 0.6502403846153846 0.59375 0.22235576923076922 0.22596153846153846
2 0.8689903846153846 0.6790865384615384 0.25600961538461536 0.6382211538461539
2 0.3473557692307692 0.7620192307692307 0.36177884615384615 0.4723557692307692
2 0.14182692307692307 0.8173076923076923 0.2824519230769231 0.359375
2 0.6310096153846154 0.828125 0.22716346153846154 0.3401442307692308
2 0.6634615384615384 0.21754807692307693 0.21995192307692307 0.2608173076923077