2 0.1875 0.2920673076923077 0.375 0.32572115384615385
2 0.4483173076923077 0.29086538461538464 0.16706730769230768 0.2091346153846154
2 0.453125 0.5264423076923077 0.17067307692307693 0.28125
2 0.6165865384615384 0.5456730769230769 0.140625 0.21514423076923078
2 0.8305288461538461 0.578125 0.33533653846153844 0.3473557692307692
2 0.18269230769230768 0.6105769230769231 0.36538461538461536 0.3425480769230769
2 0.1971153846153846 0.0733173076923077 0.2800480769230769 0.13581730769230768
2 0.5480769230769231 0.7980769230769231 0.29086538461538464 0.30408653846153844
2 0.20072115384615385 0.8100961538461539 0.39903846153846156 0.14302884615384615
2 0.8497596153846154 0.8509615384615384 0.2980769230769231 0.20192307692307693
2 0.8449519230769231 0.20072115384615385 0.3076923076923077 0.3942307692307692